90 90 90 90
90 90 90 90
90 90 90 90
90 90 90 90
90 90 90 90
90 90 90 90
90 90 90 90
90 90 90 90
90 90 90 90
90 90 90 90
90 90 90 90
90 90 90 90
90 90 90 90
90 90 90 90
90 90 90 90
90 90 90 90
90 90 90 90
90 90 90 90
90 90 90 90
90 90 90 90
90 90 90 90
90 90 90 90
90 90 90 90
90 90 90 90
90 90 90 90
90 90 90 90
90 90 90 90
90 90 90 90
90 90 90 90
90 90 90 90
90 90 90 90
90 90 90 90
90 90 90 90
90 90 90 90
90 90 90 90
90 90 90 90
90 90 90 90
90 90 90 90
90 90 90 90
90 90 90 90
90 90 90 90
90 90 90 90
90 90 90 90
90 90 90 90
90 90 90 90
90 90 90 90
90 90 90 90
90 90 90 90
90 90 90 90
90 90 90 90
90 90 90 90
90 90 90 90
90 90 90 90
90 90 90 90
90 90 90 90
90 90 90 90
90 90 90 90
90 90 90 90
90 90 90 90
90 90 90 90
90 90 90 90
90 90 90 90
90 90 90 90
90 90 90 90
90 90 90 90
90 90 90 90
90 90 90 90
90 90 90 90
90 90 90 90
90 90 90 90
90 90 90 90
90 90 90 90
90 90 90 90
90 90 90 90
90 90 90 90
90 90 90 90
90 90 90 90
90 90 90 90
90 90 90 90
90 90 90 90
90 90 90 90
90 90 90 90
90 90 90 90
90 90 90 90
90 90 90 90
90 90 90 90
90 90 90 90
90 90 90 90
90 90 90 90
90 90 90 90
90 90 90 90
90 90 90 90
90 90 90 90
90 90 90 90
90 90 90 90
90 90 90 90
90 90 90 90
90 90 90 90
90 90 90 90
90 90 90 90
90 90 90 90
90 90 90 90
90 90 90 90
90 90 90 90
90 90 90 90
90 90 90 90
90 90 90 90
90 90 90 90
90 90 90 90
90 90 90 90
90 90 90 90
90 90 90 90
90 90 90 90
90 90 90 90
90 90 90 90
90 90 90 90
90 90 90 90
90 90 90 90
90 90 90 90
90 90 90 90
90 90 90 90
90 90 90 90
90 90 90 90
90 90 90 90
90 90 90 90
b8 0d fc 3b
57 68 6e 8e 
04 08 c3 00
00 00 00 00
00 00 00 00
cc 8c 04 08 /* it's for smoke to test */
c0 3a 68 55
